accept-in,-8375815570082972178,3839961751613
accept-in,-8375815570082972178,3839961775615
accept-in,1841439930878625377,3840451763297
accept-in,1841439930878625377,3840451791891
accept-in,5374552088549966110,3840941759981
accept-in,5374552088549966110,3840941782886
accept-in,8571062581885109082,3841431681152
accept-in,8571062581885109082,3841431704389
accept-in,417465526861351060,3841921675684
accept-in,417465526861351060,3841921696645
accept-in,5116646458580861616,3842411777958
accept-in,5116646458580861616,3842411812201
accept-in,-5186555045426823831,3842902033966
accept-in,-5186555045426823831,3842902059048
accept-in,-4714954729784542765,3843391733211
accept-in,-4714954729784542765,3843391757106
accept-in,1830068575210922675,3843881705596
accept-in,1830068575210922675,3843881731066
accept-in,-7631539512688550873,3844371679219
accept-in,-7631539512688550873,3844371703060
accept-in,-1952844913871981535,3844861710117
accept-in,-1952844913871981535,3844861745462
accept-in,9177984159777539997,3845351744223
accept-in,9177984159777539997,3845351813295
accept-in,-474815085529242118,3845841744396
accept-in,-474815085529242118,3845841863562
accept-in,8800687039268186692,3846331729159
accept-in,8800687039268186692,3846331742190
accept-in,7479783164223409792,3846821710323
accept-in,7479783164223409792,3846821723881
accept-in,-8436032880940998945,3847311660095
accept-in,-8436032880940998945,3847311673814
accept-in,952040369688433290,3847801686500
accept-in,952040369688433290,3847801706328
accept-in,-3384728816161070836,3848291770884
accept-in,-3384728816161070836,3848291786456
accept-in,-3689410580477645552,3848781759623
accept-in,-3689410580477645552,3848781772491
accept-in,6802286026801063808,3849271722511
accept-in,6802286026801063808,3849271736119
accept-in,7825019435016889481,3849761685757
accept-in,7825019435016889481,3849761698784
accept-in,8027756552882076674,3850251682802
accept-in,8027756552882076674,3850251704215
accept-in,-3738168746165575148,3850741700075
accept-in,-3738168746165575148,3850741713375
accept-in,-631715801464088399,3851231703767
accept-in,-631715801464088399,3851231716744
accept-in,8687041420439517283,3851721728566
accept-in,8687041420439517283,3851721741064
accept-in,-1544801409340077491,3852211806680
accept-in,-1544801409340077491,3852211821166
accept-in,-300671873738460536,3852701642975
accept-in,-300671873738460536,3852701658189
accept-in,-3900385279820380285,3853191682939
accept-in,-3900385279820380285,3853191697112
accept-in,5400625674096636680,3853681668350
accept-in,5400625674096636680,3853681681401
accept-in,4000182576683390032,3854171685105
accept-in,4000182576683390032,3854171702030
accept-in,-6076024095948011381,3854661755774
accept-in,-6076024095948011381,3854661771400
accept-in,-611377439181559932,3855151669610
accept-in,-611377439181559932,3855151682754
accept-in,-964835787089238184,3855641729355
accept-in,-964835787089238184,3855641743401
accept-in,-1274401409144343938,3856131728107
accept-in,-1274401409144343938,3856131742222
accept-in,-8297111579824685738,3856621723358
accept-in,-8297111579824685738,3856621737720
accept-in,2394023744206772350,3857111784258
accept-in,2394023744206772350,3857111798009
accept-in,3312220626773254384,3857601730217
accept-in,3312220626773254384,3857601743920
accept-in,2895109131924113930,3858091668242
accept-in,2895109131924113930,3858091682151
accept-in,1773799808966783177,3858581697893
accept-in,1773799808966783177,3858581711033
accept-in,487453953650853322,3859071719390
accept-in,487453953650853322,3859071732375
accept-in,-709292266486919389,3859561761439
accept-in,-709292266486919389,3859561774143
accept-in,7790075107736865583,3860051727165
accept-in,7790075107736865583,3860051741941
accept-in,-5732432354274271110,3860541722684
accept-in,-5732432354274271110,3860541736989
accept-in,5609797397233086106,3861031850703
accept-in,5609797397233086106,3861031863885
accept-in,6455508917126445167,3861521753751
accept-in,6455508917126445167,3861521770237
accept-in,1174884132499398084,3862011720983
accept-in,1174884132499398084,3862011734895
accept-in,5179382922709121034,3862501708828
accept-in,5179382922709121034,3862501722924
accept-in,7137897547837661185,3862991744201
accept-in,7137897547837661185,3862991759944
accept-in,5951100433519255405,3863481675066
accept-in,5951100433519255405,3863481688700
accept-in,-9156246017333657230,3863971747042
accept-in,-9156246017333657230,3863971760523
accept-in,-1836113906727166783,3864461655026
accept-in,-1836113906727166783,3864461667294
accept-in,5383575778160641308,3864951680948
accept-in,5383575778160641308,3864951695731
accept-in,-456397583496649609,3865444357073
accept-in,-456397583496649609,3865444369199
accept-in,6246254309915362542,3865931705090
accept-in,6246254309915362542,3865931718576
accept-in,6497050946941593766,3866421733609
accept-in,6497050946941593766,3866421746249
accept-in,6681540698691281427,3866911704827
accept-in,6681540698691281427,3866911717901
accept-in,-684449710526051297,3867401670618
accept-in,-684449710526051297,3867401683821
accept-in,-4707445908589201169,3867891682219
accept-in,-4707445908589201169,3867891695683
accept-in,-320113246861589457,3868381661025
accept-in,-320113246861589457,3868381674441
accept-in,280079145335303993,3868871713417
accept-in,280079145335303993,3868871726096
accept-in,3320963626296117910,3869361682688
accept-in,3320963626296117910,3869361695291
accept-in,2785655210510283137,3869851810576
accept-in,2785655210510283137,3869851825022
accept-in,769556877241819227,3870341679645
accept-in,769556877241819227,3870341702494
accept-in,4499084996202888730,3870831660097
accept-in,4499084996202888730,3870831678090
accept-in,-4169147303711557421,3871321698193
accept-in,-4169147303711557421,3871321710600
accept-in,4877226990916104519,3871811855996
accept-in,4877226990916104519,3871811870136
accept-in,-5272932108477356971,3872301710922
accept-in,-5272932108477356971,3872301724641
accept-in,-6310468893689587273,3872791733576
accept-in,-6310468893689587273,3872791746605
accept-in,4015629564806611148,3873281711699
accept-in,4015629564806611148,3873281725919
accept-in,-2204061772308934424,3873771711703
accept-in,-2204061772308934424,3873771724512
accept-in,8274814731750997418,3874261733276
accept-in,8274814731750997418,3874261747074
accept-in,-5336694894350529109,3874751693876
accept-in,-5336694894350529109,3874751709126
accept-in,-8791751306053242392,3875241707319
accept-in,-8791751306053242392,3875241728364
accept-in,2845578095091387532,3875731745546
accept-in,2845578095091387532,3875731759436
accept-in,-5305878147856512300,3876221607096
accept-in,-5305878147856512300,3876221621239
accept-in,230214744409077482,3876711694964
accept-in,230214744409077482,3876711708590
accept-in,-129440113610358851,3877201724421
accept-in,-129440113610358851,3877201736956
accept-in,2885272259530303703,3877691688793
accept-in,2885272259530303703,3877691701928
accept-in,-4898319560066313515,3878181682670
accept-in,-4898319560066313515,3878181696895
accept-in,2627025345170295436,3878671722008
accept-in,2627025345170295436,3878671735802
accept-in,-4152676305511127748,3879161688333
accept-in,-4152676305511127748,3879161701914
accept-in,-6913134893284859323,3879651723088
accept-in,-6913134893284859323,3879651737282
accept-in,-8165050287280502650,3880141677796
accept-in,-8165050287280502650,3880141692591
accept-in,-8032834477973335769,3880631734520
accept-in,-8032834477973335769,3880631749173
accept-in,-579356060247724707,3881121729057
accept-in,-579356060247724707,3881121742865
accept-in,-1432970410332093849,3881611790900
accept-in,-1432970410332093849,3881611805586
accept-in,7615860674602815400,3882101711807
accept-in,7615860674602815400,3882101727386
accept-in,-158439429404667368,3882591720196
accept-in,-158439429404667368,3882591734505
accept-in,2619989654437885752,3883081748655
accept-in,2619989654437885752,3883081761606
accept-in,-3548643927737268312,3883571749492
accept-in,-3548643927737268312,3883571762993
accept-in,-4269381674825405674,3884061679143
accept-in,-4269381674825405674,3884061695125
accept-in,-4744973737153965966,3884551743715
accept-in,-4744973737153965966,3884551758321
accept-in,-7251715499502943479,3885041679161
accept-in,-7251715499502943479,3885041693379
accept-in,1953594497949624854,3885531699646
accept-in,1953594497949624854,3885531713200
accept-in,4745325728590533173,3886021696953
accept-in,4745325728590533173,3886021709417
accept-in,-8695966551085942974,3886511740742
accept-in,-8695966551085942974,3886511753720
accept-in,2236813630664793008,3887001740185
accept-in,2236813630664793008,3887001759797
accept-in,-6730295160687857480,3887491765149
accept-in,-6730295160687857480,3887491780139
accept-in,-307412195282843135,3887981743513
accept-in,-307412195282843135,3887981758228
accept-in,6437208275576999808,3888471695497
accept-in,6437208275576999808,3888471709576
accept-in,7576198328131254690,3888961705981
accept-in,7576198328131254690,3888961721234
accept-in,-5204479187347433964,3889451776499
accept-in,-5204479187347433964,3889451790349
accept-in,7519044015991298158,3889941929638
accept-in,7519044015991298158,3889941943577
accept-in,-6883645268472626106,3890431895328
accept-in,-6883645268472626106,3890431910181
accept-in,6455518465632427809,3890921825970
accept-in,6455518465632427809,3890921855010
accept-in,7211443403192766317,3891411756833
accept-in,7211443403192766317,3891411772815
accept-in,-8676496437020573383,3891901691596
accept-in,-8676496437020573383,3891901705590
accept-in,6414070138947850226,3892391755694
accept-in,6414070138947850226,3892391884081
accept-in,-5165144660839636740,3892881713667
accept-in,-5165144660839636740,3892881727824
accept-in,-2797915565353529382,3893371790218
accept-in,-2797915565353529382,3893371805748
accept-in,-4400794955541614321,3893861686964
accept-in,-4400794955541614321,3893861700505
accept-in,8080736492704073702,3894351732721
accept-in,8080736492704073702,3894351746341
accept-in,332583053774696421,3894841709714
accept-in,332583053774696421,3894841723820
accept-in,4569727188596842499,3895331754520
accept-in,4569727188596842499,3895331768621
accept-in,8824780050076297455,3895821772241
accept-in,8824780050076297455,3895821788572
accept-in,-6910299609550371254,3896311725317
accept-in,-6910299609550371254,3896311738936
accept-in,4929215323372891783,3896801732023
accept-in,4929215323372891783,3896801751534
accept-in,-1881731132947403886,3897291676099
accept-in,-1881731132947403886,3897291688922
accept-in,-586096522397050525,3897781708425
accept-in,-586096522397050525,3897781723242
accept-in,-6937311402751144313,3898271711737
accept-in,-6937311402751144313,3898271726166
accept-in,8040031150469440097,3898761704485
accept-in,8040031150469440097,3898761720516
accept-in,-4318277655010063355,3899251859287
accept-in,-4318277655010063355,3899251874276
accept-in,-7265642930641701029,3899741772379
accept-in,-7265642930641701029,3899741784955
accept-in,-2764787930066676306,3655232153309
accept-in,-2764787930066676306,3655232177805
accept-in,5690604068671457466,3655721766461
accept-in,5690604068671457466,3655721793250
accept-in,-4587631986408777881,3656211815719
accept-in,-4587631986408777881,3656211841020
accept-in,-3046215630252692670,3656701759069
accept-in,-3046215630252692670,3656701791711
accept-in,2506482570448444748,3657191815797
accept-in,2506482570448444748,3657191845372
accept-in,-6849041041756606264,3657684594407
accept-in,-6849041041756606264,3657684619308
accept-in,-5201987013385809048,3658171771528
accept-in,-5201987013385809048,3658171797894
accept-in,1177149574287362842,3658661760019
accept-in,1177149574287362842,3658661841044
accept-in,-3709003983502143435,3659151787996
accept-in,-3709003983502143435,3659151816118
accept-in,-1611492784912513532,3659641744997
accept-in,-1611492784912513532,3659641770023
accept-in,8839341853402190097,3660131818966
accept-in,8839341853402190097,3660131843607
accept-in,-8307780012987211335,3660621800225
accept-in,-8307780012987211335,3660621860095
accept-in,8659194284118055545,3661111841767
accept-in,8659194284118055545,3661111866248
accept-in,-5577488510710556342,3661601974041
accept-in,-5577488510710556342,3661602005147
accept-in,5653314287993672802,3662091871991
accept-in,5653314287993672802,3662091897203
accept-in,-4665693335100204692,3662581768342
accept-in,-4665693335100204692,3662581793749
accept-in,-207283354290339454,3663071787807
accept-in,-207283354290339454,3663071813301
accept-in,3495746969910006558,3663561690230
accept-in,3495746969910006558,3663561715765
accept-in,-5193207398085174547,3664051857586
accept-in,-5193207398085174547,3664051883930
accept-in,2559427987931055757,3664541744322
accept-in,2559427987931055757,3664541769456
accept-in,-2940474830508045226,3665031814005
accept-in,-2940474830508045226,3665031838881
accept-in,-7615845733565693718,3665521685972
accept-in,-7615845733565693718,3665521710720
accept-in,9103669871877299840,3666011802511
accept-in,9103669871877299840,3666011828707
accept-in,3481239655517617849,3666501753683
accept-in,3481239655517617849,3666501780398
accept-in,7005032062949344374,3666991901392
accept-in,7005032062949344374,3666991937016
accept-in,-3334106820668860376,3667481753113
accept-in,-3334106820668860376,3667481779525
accept-in,5156146546439525512,3667971751793
accept-in,5156146546439525512,3667971777670
accept-in,6403176706682563548,3668461763078
accept-in,6403176706682563548,3668461790453
accept-in,-8823699342301351944,3668951768875
accept-in,-8823699342301351944,3668951795053
accept-in,-2166966738598637024,3669441784589
accept-in,-2166966738598637024,3669441811865
accept-in,-167234092276393928,3669931749742
accept-in,-167234092276393928,3669931774786
accept-in,5179641397376485558,3670421781881
accept-in,5179641397376485558,3670421807910
accept-in,5371305591242283227,3670911789195
accept-in,5371305591242283227,3670911817253
accept-in,6530675359420950446,3671401722295
accept-in,6530675359420950446,3671401756859
accept-in,-183189764411939255,3671891791130
accept-in,-183189764411939255,3671891817108
accept-in,2072796655285877262,3672381774204
accept-in,2072796655285877262,3672381798616
accept-in,-1901889472948881436,3672871780659
accept-in,-1901889472948881436,3672871804240
accept-in,1112647119997066250,3673361764585
accept-in,1112647119997066250,3673361788651
accept-in,3073142168103924382,3673851796603
accept-in,3073142168103924382,3673851824410
accept-in,-590119823399036755,3674341773898
accept-in,-590119823399036755,3674341799403
accept-in,-8244995699258546853,3674831769290
accept-in,-8244995699258546853,3674831793111
accept-in,-6713069570916918734,3675322475726
accept-in,-6713069570916918734,3675322503164
accept-in,-8049238782940663989,3675811745477
accept-in,-8049238782940663989,3675811771236
accept-in,-1955187752743295868,3676301736369
accept-in,-1955187752743295868,3676301760280
accept-in,7076547778766470873,3676791782114
accept-in,7076547778766470873,3676791806267
accept-in,-2822791184015291276,3677281749765
accept-in,-2822791184015291276,3677281782304
accept-in,-8732594291078458906,3677771774180
accept-in,-8732594291078458906,3677771802145
accept-in,-6145934534246020175,3678261763074
accept-in,-6145934534246020175,3678261787200
accept-in,4671075378887853893,3678751746561
accept-in,4671075378887853893,3678751772351
accept-in,-6532426194894121567,3679244365615
accept-in,-6532426194894121567,3679244386648
accept-in,8376398019003635507,3679731762066
accept-in,8376398019003635507,3679731786111
accept-in,3077706941750895490,3680221782258
accept-in,3077706941750895490,3680221807577
accept-in,-4709849413496197208,3680711800491
accept-in,-4709849413496197208,3680711825189
accept-in,7826171022803394806,3681201756593
accept-in,7826171022803394806,3681201782017
accept-in,781475728483556709,3681691777599
accept-in,781475728483556709,3681691819684
accept-in,7222988311076557846,3682181750207
accept-in,7222988311076557846,3682181774511
accept-in,8398902800146057277,3682671781371
accept-in,8398902800146057277,3682671804935
accept-in,2756924020520019262,3683161800330
accept-in,2756924020520019262,3683161826127
accept-in,-8209071552247107432,3683651729847
accept-in,-8209071552247107432,3683651756512
accept-in,3265148906613208910,3684141705949
accept-in,3265148906613208910,3684141751504
accept-in,-3716922486005171380,3684631720861
accept-in,-3716922486005171380,3684631744449
accept-in,-5165826922439653422,3685121743043
accept-in,-5165826922439653422,3685121768272
accept-in,-262533452530051608,3685611909488
accept-in,-262533452530051608,3685611933980
accept-in,553824689609153418,3686101740514
accept-in,553824689609153418,3686101772002
accept-in,3843555136804607798,3686591836956
accept-in,3843555136804607798,3686591883273
accept-in,-1563272934964138740,3687081787023
accept-in,-1563272934964138740,3687081812925
accept-in,5668138614237558828,3687571801406
accept-in,5668138614237558828,3687571824497
accept-in,-3547948474424821751,3688061896309
accept-in,-3547948474424821751,3688061920747
accept-in,5028202855504608834,3688551778982
accept-in,5028202855504608834,3688551829132
accept-in,8894402221889016445,3689041733092
accept-in,8894402221889016445,3689041756751
accept-in,8040228769332215635,3689531780966
accept-in,8040228769332215635,3689531804655
accept-in,-7350573596875932571,3690021776754
accept-in,-7350573596875932571,3690021805502
accept-in,-308422718481943100,3690511728459
accept-in,-308422718481943100,3690511753498
accept-in,6736478787911428625,3691001729849
accept-in,6736478787911428625,3691001786171
accept-in,-3135983966624512229,3691491805452
accept-in,-3135983966624512229,3691491852695
accept-in,-5372391980846771385,3691981769827
accept-in,-5372391980846771385,3691981794111
accept-in,-7785190714574817403,3692471757904
accept-in,-7785190714574817403,3692471782201
accept-in,-638111915775370454,3692961885503
accept-in,-638111915775370454,3692961911686
accept-in,2243232018741618649,3693451804084
accept-in,2243232018741618649,3693451827981
accept-in,-4994613811591580029,3693941793355
accept-in,-4994613811591580029,3693941819680
accept-in,941535804229742164,3694431794774
accept-in,941535804229742164,3694431818922
accept-in,2052847021320199316,3694921790762
accept-in,2052847021320199316,3694921820153
accept-in,-5416384333032412645,3695411808408
accept-in,-5416384333032412645,3695411863204
accept-in,6037830406829456805,3695901901437
accept-in,6037830406829456805,3695901923403
accept-in,-4458468313129807217,3696391800422
accept-in,-4458468313129807217,3696391822374
accept-in,-2839909672999636570,3696881879964
accept-in,-2839909672999636570,3696881900841
accept-in,8847083885690912798,3697371847077
accept-in,8847083885690912798,3697371871431
accept-in,-3846603772026199159,3697861698947
accept-in,-3846603772026199159,3697861723164
accept-in,-1514153041408542785,3698351837481
accept-in,-1514153041408542785,3698351860293
accept-in,229246388802806528,3698841811720
accept-in,229246388802806528,3698841833294
accept-in,-636483826962237651,3699331901272
accept-in,-636483826962237651,3699331923806
accept-in,8376304560299118374,3699821797345
accept-in,8376304560299118374,3699821818827
accept-in,4505482556737767914,3700311815059
accept-in,4505482556737767914,3700311837280
accept-in,7616204158265177412,3700801878316
accept-in,7616204158265177412,3700801901383
accept-in,7624734366053102989,3701291802087
accept-in,7624734366053102989,3701291823644
accept-in,3781108598282613628,3701781799968
accept-in,3781108598282613628,3701781830495
accept-in,-5844921558642273024,3702271923569
accept-in,-5844921558642273024,3702271944449
accept-in,5795233159392164610,3702761736956
accept-in,5795233159392164610,3702761759505
accept-in,-2878068536160147955,3703252061384
accept-in,-2878068536160147955,3703252086333
accept-in,7542275477151676502,3703744067134
accept-in,7542275477151676502,3703744103007
accept-in,7551329955964429518,3704232060518
accept-in,7551329955964429518,3704232083396
accept-in,-1588900009971756803,3704722168129
accept-in,-1588900009971756803,3704722192697
accept-in,7895772399046394378,3705211831347
accept-in,7895772399046394378,3705211854271
accept-in,-7125898905859166144,3705701790976
accept-in,-7125898905859166144,3705701814029
accept-in,7263153990318693362,3706191737085
accept-in,7263153990318693362,3706191760620
accept-in,2895226616631213392,3706681740986
accept-in,2895226616631213392,3706681763104
accept-in,4326177849071138838,3707171740434
accept-in,4326177849071138838,3707171762013
accept-in,5584303419972070091,3707661763189
accept-in,5584303419972070091,3707661790285
accept-in,6024602182019942212,3708151777765
accept-in,6024602182019942212,3708151800207
accept-in,-4766279927866957388,3708641717220
accept-in,-4766279927866957388,3708641742613
accept-in,-366241000854142508,3709131753593
accept-in,-366241000854142508,3709131774105
accept-in,-7062659800724606122,3709621772478
accept-in,-7062659800724606122,3709621795353
accept-in,-4991122245720995925,3710111780152
accept-in,-4991122245720995925,3710111810878
accept-in,-167617312837657909,3710601778546
accept-in,-167617312837657909,3710601800166
accept-in,-7253335452911088025,3711091720392
accept-in,-7253335452911088025,3711091744251
accept-in,-9162543909180847086,3711581748506
accept-in,-9162543909180847086,3711581771380
accept-in,3100713553601373866,3712071833668
accept-in,3100713553601373866,3712071858137
accept-in,4735538776200908949,3712561738323
accept-in,4735538776200908949,3712561759934
accept-in,4350891331347982294,3713051741167
accept-in,4350891331347982294,3713051777977
accept-in,1098982631287152222,3713541732600
accept-in,1098982631287152222,3713541755553
accept-in,-6020632169460731393,3714032851287
accept-in,-6020632169460731393,3714032881309
accept-in,4762746362806223043,3714521833727
accept-in,4762746362806223043,3714521857452
accept-in,1548525669785523,3715011767387
accept-in,1548525669785523,3715011789894
accept-in,-4931402602738761607,3715501755674
accept-in,-4931402602738761607,3715501779722
accept-in,7643272965185573106,3715991708204
accept-in,7643272965185573106,3715991729285
accept-in,3622734135683813877,3716481755118
accept-in,3622734135683813877,3716481777580
accept-in,6608640256891574081,3716971751652
accept-in,6608640256891574081,3716971775762
accept-in,1959555683492476027,3717461760164
accept-in,1959555683492476027,3717461781964
accept-in,2951372624949561359,3717951775051
accept-in,2951372624949561359,3717951800645
accept-in,4226893028898389127,3718442811844
accept-in,4226893028898389127,3718442835517
accept-in,4383131939040550881,3718932450306
accept-in,4383131939040550881,3718932477635
accept-in,7752362453467670891,3719421786583
accept-in,7752362453467670891,3719421839750
accept-in,-5447970239305286702,3719911802278
accept-in,-5447970239305286702,3719911827441
accept-in,1772082801930691839,3720402281455
accept-in,1772082801930691839,3720402302282
accept-in,2106325599153511519,3720891726555
accept-in,2106325599153511519,3720891747771
accept-in,4878938094596188666,3721381738489
accept-in,4878938094596188666,3721381759713
accept-in,7467857136060334318,3721871773357
accept-in,7467857136060334318,3721871796442
accept-in,-5561060779505879722,3722361723126
accept-in,-5561060779505879722,3722361745937
accept-in,6106950016928088808,3722851731510
accept-in,6106950016928088808,3722851754406
accept-in,7917285933966386193,3723341739225
accept-in,7917285933966386193,3723341765908
accept-in,1233754202678513108,3723831741385
accept-in,1233754202678513108,3723831763089
accept-in,685972582820958399,3724321706753
accept-in,685972582820958399,3724321730784
accept-in,-615000885519853177,3724811755764
accept-in,-615000885519853177,3724811778946
accept-in,-2440193952014309600,3725301750546
accept-in,-2440193952014309600,3725301773534
accept-in,-4710531196761932247,3725791740173
accept-in,-4710531196761932247,3725791762929
accept-in,7467896805183736186,3726281714251
accept-in,7467896805183736186,3726281737792
accept-in,3429740560455428105,3726771693254
accept-in,3429740560455428105,3726771714702
accept-in,3633656790943111640,3727261760683
accept-in,3633656790943111640,3727261780862
accept-in,521896214213784087,3727751692166
accept-in,521896214213784087,3727751732559
accept-in,3893586640694693139,3728241736479
accept-in,3893586640694693139,3728241758055
accept-in,4216506007619236440,3728731698481
accept-in,4216506007619236440,3728731719130
accept-in,-652164935193765681,3729221733116
accept-in,-652164935193765681,3729221753972
accept-in,6631582551651153372,3729711734883
accept-in,6631582551651153372,3729711758042
accept-in,-4131382343201821685,3730201745694
accept-in,-4131382343201821685,3730201769705
accept-in,-3233491623059337423,3730959813888
accept-in,-3233491623059337423,3730959836377
accept-in,8652719425253576738,3731181833585
accept-in,8652719425253576738,3731181856653
accept-in,7112876832759899871,3731671772113
accept-in,7112876832759899871,3731671793283
accept-in,-1685751042715268137,3732161725455
accept-in,-1685751042715268137,3732161751915
accept-in,-254001830466302395,3732652244961
accept-in,-254001830466302395,3732652273131
accept-in,-521219617995756877,3733141725530
accept-in,-521219617995756877,3733141745510
accept-in,-7568755942452534961,3733631745555
accept-in,-7568755942452534961,3733631767206
accept-in,-3675193147213810083,3734121748277
accept-in,-3675193147213810083,3734121779766
accept-in,-6773114941021183750,3734611819281
accept-in,-6773114941021183750,3734611840354
accept-in,-3424209810786778580,3735101709001
accept-in,-3424209810786778580,3735101729987
accept-in,4469668439264228095,3735591722431
accept-in,4469668439264228095,3735591744505
accept-in,8460802097174788045,3736081842630
accept-in,8460802097174788045,3736081865708
accept-in,6479081112951449114,3736571737875
accept-in,6479081112951449114,3736571772555
accept-in,-7413376143259967314,3737061726207
accept-in,-7413376143259967314,3737061748099
accept-in,-206016630795326884,3737551751610
accept-in,-206016630795326884,3737551783562
accept-in,-968425056436384790,3738041749183
accept-in,-968425056436384790,3738041771396
accept-in,-1032313990608141163,3738531720841
accept-in,-1032313990608141163,3738531743620
accept-in,-5346786436585019170,3739021712476
accept-in,-5346786436585019170,3739021741661
accept-in,3910739340343520182,3739511744448
accept-in,3910739340343520182,3739511766095
accept-in,-6832820507309615932,3740001853163
accept-in,-6832820507309615932,3740001874637
accept-in,-5638311834287020769,3740491752772
accept-in,-5638311834287020769,3740491775418
accept-in,-1248118477225289754,3740981703320
accept-in,-1248118477225289754,3740981726301
accept-in,330555917674220911,3741471827928
accept-in,330555917674220911,3741471851181
accept-in,-8594643774074298965,3741961707061
accept-in,-8594643774074298965,3741961729101
accept-in,-211237630209284654,3742451744085
accept-in,-211237630209284654,3742451765805
accept-in,1045722133990759260,3742941964345
accept-in,1045722133990759260,3742942018132
accept-in,-1565757244419305660,3743431799523
accept-in,-1565757244419305660,3743431822712
accept-in,3715448169174758842,3743921708043
accept-in,3715448169174758842,3743921729400
accept-in,-9052155171810322392,3744411763571
accept-in,-9052155171810322392,3744411784356
accept-in,-2558758854356309667,3744901713042
accept-in,-2558758854356309667,3744901740200
accept-in,4540242289407038523,3745391853036
accept-in,4540242289407038523,3745391873677
accept-in,7861392811773047911,3745881736730
accept-in,7861392811773047911,3745881760972
accept-in,-5839626544680784754,3746371776009
accept-in,-5839626544680784754,3746371797687
accept-in,8768816131578392199,3746861728002
accept-in,8768816131578392199,3746861755990
accept-in,-7001266899584482471,3747351769609
accept-in,-7001266899584482471,3747351791826
accept-in,4208079181723294258,3747841775504
accept-in,4208079181723294258,3747841799361
accept-in,8423760670134405637,3748331773450
accept-in,8423760670134405637,3748331795049
accept-in,-1760713465496777920,3748821759761
accept-in,-1760713465496777920,3748821783797
accept-in,7064267107355187882,3749311750418
accept-in,7064267107355187882,3749311772259
accept-in,1036164247162983258,3749801714264
accept-in,1036164247162983258,3749801736197
accept-in,-563818437733009552,3750291750835
accept-in,-563818437733009552,3750291772115
accept-in,-5384977837026876265,3750781764658
accept-in,-5384977837026876265,3750781786650
accept-in,-5735723740824570983,3751271762497
accept-in,-5735723740824570983,3751271785296
accept-in,-368057885344280538,3751761768092
accept-in,-368057885344280538,3751761789203
accept-in,-485285346983564541,3752251725384
accept-in,-485285346983564541,3752251748394
accept-in,-2429992365861002372,3752741770901
accept-in,-2429992365861002372,3752741794515
accept-in,6525722495623629703,3753231774274
accept-in,6525722495623629703,3753231797025
accept-in,-7214024308725275826,3753721720812
accept-in,-7214024308725275826,3753721743189
accept-in,3049287814888469759,3754211699759
accept-in,3049287814888469759,3754211721681
accept-in,-3695893107275022970,3754701726127
accept-in,-3695893107275022970,3754701750043
accept-in,7496119200417236657,3755191741172
accept-in,7496119200417236657,3755191765747
accept-in,5851032199764394375,3755681715505
accept-in,5851032199764394375,3755681739060
accept-in,3928488239548161454,3756171736520
accept-in,3928488239548161454,3756171769241
accept-in,-7824978884801512981,3756661720178
accept-in,-7824978884801512981,3756661743423
accept-in,2780373803039008456,3757151747250
accept-in,2780373803039008456,3757151771168
accept-in,4091301756077451146,3757641713255
accept-in,4091301756077451146,3757641735097
accept-in,-7515805731562411800,3758131840839
accept-in,-7515805731562411800,3758131862095
accept-in,-5170999522104440420,3758621844117
accept-in,-5170999522104440420,3758621868131
accept-in,-4773362938437076630,3759111757980
accept-in,-4773362938437076630,3759111780616
accept-in,2523157439882982679,3759601759680
accept-in,2523157439882982679,3759601780608
accept-in,395362934712655512,3760091730485
accept-in,395362934712655512,3760091767050
accept-in,5434249501492209041,3760581723651
accept-in,5434249501492209041,3760581746145
accept-in,6345597860064937925,3761071785237
accept-in,6345597860064937925,3761071812788
accept-in,9169552455246616126,3761561727421
accept-in,9169552455246616126,3761561748579
accept-in,3986898998654630341,3762052736012
accept-in,3986898998654630341,3762052761146
accept-in,9034932877067890689,3762541812658
accept-in,9034932877067890689,3762541835741
accept-in,-1534186262246480420,3763031787763
accept-in,-1534186262246480420,3763031811393
accept-in,-5060551354849502411,3763521749481
accept-in,-5060551354849502411,3763521771304
accept-in,1370190822874999720,3764011737838
accept-in,1370190822874999720,3764011761609
accept-in,-6936518019276970433,3764501695036
accept-in,-6936518019276970433,3764501717725
accept-in,8218747731584982308,3764991886092
accept-in,8218747731584982308,3764991907520
accept-in,-2875918866635988069,3765481696192
accept-in,-2875918866635988069,3765481717724
accept-in,-4709191584843122831,3765971701039
accept-in,-4709191584843122831,3765971722447
accept-in,5017821202434296706,3766461772094
accept-in,5017821202434296706,3766461793676
accept-in,-8844863506895722643,3766951784814
accept-in,-8844863506895722643,3766951806681
accept-in,-7437691708480220568,3767441696848
accept-in,-7437691708480220568,3767441717415
accept-in,1259767177405946122,3767931748644
accept-in,1259767177405946122,3767931781001
accept-in,-6733951606014869498,3768421705711
accept-in,-6733951606014869498,3768421727321
accept-in,-7805192559207413268,3768911738052
accept-in,-7805192559207413268,3768911759657
accept-in,6830097124741668434,3769401717873
accept-in,6830097124741668434,3769401750450
accept-in,-4284909507509106605,3769891716990
accept-in,-4284909507509106605,3769891745519
accept-in,-6920565852001571038,3770381735244
accept-in,-6920565852001571038,3770381766141
accept-in,542562159628755059,3770871811576
accept-in,542562159628755059,3770871837967
accept-in,5316913382690246574,3771361749763
accept-in,5316913382690246574,3771361771526
accept-in,-5350859796966787306,3771851749525
accept-in,-5350859796966787306,3771851771572
accept-in,-1637062380968802327,3772341687980
accept-in,-1637062380968802327,3772341709988
accept-in,-5635326042818376827,3772831686367
accept-in,-5635326042818376827,3772831709930
accept-in,3992638814837845694,3773321710261
accept-in,3992638814837845694,3773321732286
accept-in,9112295208074654062,3773811735887
accept-in,9112295208074654062,3773811757613
accept-in,3648424368692556499,3774301703401
accept-in,3648424368692556499,3774301725261
accept-in,8737450583962198809,3774791717844
accept-in,8737450583962198809,3774791739926
accept-in,4167875848114126865,3775281693233
accept-in,4167875848114126865,3775281720470
accept-in,7518002499059788320,3775771799143
accept-in,7518002499059788320,3775771821635
accept-in,3074612036664911689,3776261713440
accept-in,3074612036664911689,3776261735596
accept-in,-1529353766288765069,3776751733310
accept-in,-1529353766288765069,3776751756413
accept-in,3815835724982155669,3777241772985
accept-in,3815835724982155669,3777241793980
accept-in,4399156738857157206,3777734661483
accept-in,4399156738857157206,3777734683028
accept-in,21892157608773295,3778221756159
accept-in,21892157608773295,3778221786023
accept-in,-2380972916016208329,3778711779215
accept-in,-2380972916016208329,3778711800127
accept-in,6432280885787925863,3779201802959
accept-in,6432280885787925863,3779201825602
accept-in,2861242032265889301,3779691780345
accept-in,2861242032265889301,3779691803656
accept-in,-1173063037039100589,3780181783015
accept-in,-1173063037039100589,3780181805054
accept-in,4795660457953779153,3780671808048
accept-in,4795660457953779153,3780671832939
accept-in,-6685406502483428109,3781163085824
accept-in,-6685406502483428109,3781163116412
accept-in,-554804880803526046,3781651748021
accept-in,-554804880803526046,3781651770526
accept-in,-3562074801388343054,3782141760211
accept-in,-3562074801388343054,3782141783302
accept-in,-383943340995443180,3782632066195
accept-in,-383943340995443180,3782632091290
accept-in,-7371690085728396214,3783121855405
accept-in,-7371690085728396214,3783121879635
accept-in,-854815214752212103,3783611774983
accept-in,-854815214752212103,3783611806274
accept-in,-6904797731316979637,3784101706370
accept-in,-6904797731316979637,3784101732858
accept-in,474065786234569057,3784591693428
accept-in,474065786234569057,3784591716178
accept-in,-8225225596559255732,3785081683190
accept-in,-8225225596559255732,3785081707956
accept-in,6040286730130572643,3785571745964
accept-in,6040286730130572643,3785571771790
accept-in,-2115627888590810114,3786061728230
accept-in,-2115627888590810114,3786061754134
accept-in,8699357896391553818,3786551699255
accept-in,8699357896391553818,3786551725082
accept-in,-7754843027230495380,3787041755217
accept-in,-7754843027230495380,3787041781908
accept-in,-610523462932378679,3787531670783
accept-in,-610523462932378679,3787531697666
accept-in,-3650862115819426414,3788021677374
accept-in,-3650862115819426414,3788021702946
accept-in,-7183428290745949031,3788511739242
accept-in,-7183428290745949031,3788511762810
accept-in,7195507339652154525,3789001689034
accept-in,7195507339652154525,3789001714796
accept-in,-257942579097055044,3789491734460
accept-in,-257942579097055044,3789491759802
accept-in,3805903400824613213,3789981710545
accept-in,3805903400824613213,3789981734898
accept-in,-8416631242384373950,3790471766557
accept-in,-8416631242384373950,3790471793586
accept-in,4963073336831333961,3790961689953
accept-in,4963073336831333961,3790961714587
accept-in,-3747685593204929620,3791451720078
accept-in,-3747685593204929620,3791451745820
accept-in,7830621952486911258,3791941720877
accept-in,7830621952486911258,3791941747653
accept-in,290286494411871325,3792431775418
accept-in,290286494411871325,3792431805466
accept-in,2149334075576924154,3792921705761
accept-in,2149334075576924154,3792921728781
accept-in,-4292417042786175310,3793412242123
accept-in,-4292417042786175310,3793412264592
accept-in,-4032434449609855987,3793901691105
accept-in,-4032434449609855987,3793901718717
accept-in,-1910579628953469012,3794391705379
accept-in,-1910579628953469012,3794391731923
accept-in,-1757416863027894328,3794881711732
accept-in,-1757416863027894328,3794881738674
accept-in,8195045945556808341,3795371742114
accept-in,8195045945556808341,3795371766758
accept-in,4751155927392199423,3795861697824
accept-in,4751155927392199423,3795861724326
accept-in,-4467996074609618566,3796351730489
accept-in,-4467996074609618566,3796351756223
accept-in,-4530462948544535330,3796841673462
accept-in,-4530462948544535330,3796841700307
accept-in,-5420924965963405079,3797331691849
accept-in,-5420924965963405079,3797331715398
accept-in,-4509220058974689224,3797821664244
accept-in,-4509220058974689224,3797821688536
accept-in,1579441012406058136,3798311736815
accept-in,1579441012406058136,3798311761010
accept-in,3883889178343897962,3798801689513
accept-in,3883889178343897962,3798801713706
accept-in,-3461176768185117951,3799291728286
accept-in,-3461176768185117951,3799291806092
accept-in,1880701635274480949,3799781682519
accept-in,1880701635274480949,3799781731593
accept-in,3647032856416474985,3800271685516
accept-in,3647032856416474985,3800271739401
accept-in,-6927220887812107152,3800761748011
accept-in,-6927220887812107152,3800761772448
accept-in,-7486139638098938080,3801251825227
accept-in,-7486139638098938080,3801251848829
accept-in,-3354346276198116382,3801741693099
accept-in,-3354346276198116382,3801741715542
accept-in,-1147863671848208282,3802231672974
accept-in,-1147863671848208282,3802231697681
accept-in,6183514754344156790,3802721662813
accept-in,6183514754344156790,3802721686840
accept-in,7812465543061775948,3803211822508
accept-in,7812465543061775948,3803211847359
accept-in,-6533810724503422875,3803701669252
accept-in,-6533810724503422875,3803701701077
accept-in,-6683806756695704385,3804191755778
accept-in,-6683806756695704385,3804191790806
accept-in,8104175986912160140,3804681710221
accept-in,8104175986912160140,3804681735496
accept-in,-8960656634369110649,3805171675795
accept-in,-8960656634369110649,3805171703474
accept-in,-3452902611560969745,3805661779465
accept-in,-3452902611560969745,3805661803477
accept-in,-7133101545520310879,3806151658299
accept-in,-7133101545520310879,3806151683992
accept-in,13810665704072688,3806641720194
accept-in,13810665704072688,3806641748603
accept-in,-7451415470485141569,3807131789827
accept-in,-7451415470485141569,3807131815297
accept-in,-7704762482360499156,3807621713186
accept-in,-7704762482360499156,3807621738794
accept-in,-8488799240546281605,3808111747224
accept-in,-8488799240546281605,3808111771760
accept-in,626547820057274971,3808601691842
accept-in,626547820057274971,3808601723859
accept-in,-8802756211195676116,3809091780524
accept-in,-8802756211195676116,3809091809134
accept-in,5092306658510008699,3809581718156
accept-in,5092306658510008699,3809581742056
accept-in,8796652878774158918,3810071715680
accept-in,8796652878774158918,3810071740822
accept-in,-7104558358379170282,3810561716734
accept-in,-7104558358379170282,3810561742735
accept-in,-1181571779469414274,3811051669535
accept-in,-1181571779469414274,3811051695502
accept-in,7939642427167536868,3811541678646
accept-in,7939642427167536868,3811541704492
accept-in,7040284416255797511,3812031631701
accept-in,7040284416255797511,3812031656828
accept-in,7703108710072231245,3812521744501
accept-in,7703108710072231245,3812521769900
accept-in,-1579096465842910425,3813011686443
accept-in,-1579096465842910425,3813011722468
accept-in,-2227913486055456624,3813501710626
accept-in,-2227913486055456624,3813501735794
accept-in,-8343244900943094427,3813991777029
accept-in,-8343244900943094427,3813991806871
accept-in,-183318284109527758,3814481691748
accept-in,-183318284109527758,3814481718764
accept-in,7396044641762381568,3814971721454
accept-in,7396044641762381568,3814971748949
accept-in,-1081553271426311582,3815461707101
accept-in,-1081553271426311582,3815461733804
accept-in,-8141231538822501566,3815951833425
accept-in,-8141231538822501566,3815951858261
accept-in,-9169348528824529189,3816441708607
accept-in,-9169348528824529189,3816441733033
accept-in,-6871735223171062649,3816931721901
accept-in,-6871735223171062649,3816931748067
accept-in,6190712758819833885,3817421819710
accept-in,6190712758819833885,3817421845967
accept-in,5745146739002006101,3817911715430
accept-in,5745146739002006101,3817911742526
accept-in,7118285809552729615,3818401697414
accept-in,7118285809552729615,3818401722820
accept-in,-541837746374132318,3818891825013
accept-in,-541837746374132318,3818891852015
accept-in,5123968793331297566,3819381734882
accept-in,5123968793331297566,3819381763334
accept-in,-2406675127398390735,3819871732128
accept-in,-2406675127398390735,3819871762523
accept-in,-3780865420350557422,3820361718527
accept-in,-3780865420350557422,3820361772505
accept-in,-7678244019172838372,3820851669694
accept-in,-7678244019172838372,3820851706703
accept-in,-8092587050462585493,3821341715811
accept-in,-8092587050462585493,3821341741078
accept-in,-4226190896230442701,3821831782585
accept-in,-4226190896230442701,3821831810407
accept-in,-6125842096575052882,3822321705775
accept-in,-6125842096575052882,3822321738287
accept-in,-674577719763884785,3822811741296
accept-in,-674577719763884785,3822811768000
accept-in,7113675960725025617,3823301732228
accept-in,7113675960725025617,3823301756886
accept-in,7101850000760470461,3823792244936
accept-in,7101850000760470461,3823792273459
accept-in,-2531493916048185926,3824281748053
accept-in,-2531493916048185926,3824281772274
accept-in,-1753365931526455691,3824771765081
accept-in,-1753365931526455691,3824771791453
accept-in,-4121264355658386689,3825261696129
accept-in,-4121264355658386689,3825261724947
accept-in,17295945137761143,3825751706778
accept-in,17295945137761143,3825751733254
accept-in,8224841026811335210,3826241745441
accept-in,8224841026811335210,3826241774767
accept-in,5813315439404808315,3826731689306
accept-in,5813315439404808315,3826731716650
accept-in,-8570133446702019685,3827221693191
accept-in,-8570133446702019685,3827221721662
accept-in,-24265641375055558,3827711744995
accept-in,-24265641375055558,3827711773607
accept-in,-2912437784552206319,3828201734737
accept-in,-2912437784552206319,3828201758990
accept-in,2751365790032495951,3828691723375
accept-in,2751365790032495951,3828691756613
accept-in,3608833560939651061,3829181853612
accept-in,3608833560939651061,3829181889039
accept-in,-3513915197927022255,3829671728670
accept-in,-3513915197927022255,3829671753948
accept-in,3637949560928950311,3830161774145
accept-in,3637949560928950311,3830161804090
accept-in,-8637280116945600213,3830651745717
accept-in,-8637280116945600213,3830651776135
accept-in,1111177050855196670,3831141732794
accept-in,1111177050855196670,3831141760632
accept-in,-1892802804854278974,3831631800305
accept-in,-1892802804854278974,3831631828724
accept-in,8892103719411632360,3832121834738
accept-in,8892103719411632360,3832121862782
accept-in,8943407859012071226,3832611743406
accept-in,8943407859012071226,3832611771051
accept-in,7791688781336183857,3833101685385
accept-in,7791688781336183857,3833101711771
accept-in,9070852150572264323,3833591751650
accept-in,9070852150572264323,3833591777230
accept-in,2733053395569239513,3834081693458
accept-in,2733053395569239513,3834081721329
accept-in,8429970169046378762,3834571752168
accept-in,8429970169046378762,3834571784310
accept-in,-112180324414440815,3835061699505
accept-in,-112180324414440815,3835061723802
accept-in,366756187715958332,3835551673576
accept-in,366756187715958332,3835551723218
accept-in,-8687537984036371136,3836041696443
accept-in,-8687537984036371136,3836041721320
accept-in,3163258388854788493,3836531693999
accept-in,3163258388854788493,3836531723409
accept-in,6722645126953830469,3837021714755
accept-in,6722645126953830469,3837021738678
accept-in,-357278859275614047,3837511739365
accept-in,-357278859275614047,3837511766537
accept-in,-6290273009807360227,3838002215756
accept-in,-6290273009807360227,3838002234683
accept-in,2421398601536309285,3838491766681
accept-in,2421398601536309285,3838491792518
accept-in,4981812559689900458,3838981726130
accept-in,4981812559689900458,3838981750716
accept-in,-71720595459555335,3839471749554
accept-in,-71720595459555335,3839471783443
